0.731921
RD = 0.731921
Clash: NO
gyrate = 27.8768
OdivT = 0.425667
